5 5 99 17 
3 3 100 17 
2 2 99 16 
2 2 94 16 
2 2 97 16 
1 2 90 15 
1 1 90 15 
1 1 94 16 
1 1 93 16 
1 1 86 14 
1 1 91 15 
1 1 86 14 
1 1 94 16 
1 1 93 15 
1 1 91 15 
1 1 93 16 
1 1 94 16 
1 1 91 16 
1 1 92 15 
1 1 94 16 
1 1 93 15 
1 1 94 15 
1 1 94 16 
1 1 92 15 
2 1 97 16 
2 2 91 15 
2 2 93 15 
2 2 94 16 
2 2 92 16 
2 2 91 15 
2 2 89 15 
2 2 92 15 
3 3 92 15 
3 3 90 15 
3 3 87 15 
3 3 88 15 
4 4 90 15 
4 4 88 14 
5 5 88 15 
6 6 89 15 
7 7 86 14 
9 8 87 14 
10 10 84 14 
14 13 84 14 
18 18 77 13 
24 25 86 14 
33 33 74 13 
57 57 82 14 
68 67 76 13 
76 76 71 12 
100 100 60 10 
16 16 65 11 
7 6 91 15 
3 3 94 16 
2 2 88 15 
2 2 92 15 
2 2 88 15 
2 2 90 15 
1 1 86 15 
1 1 89 15 
1 1 89 15 
1 1 89 15 
1 1 87 15 
1 1 85 14 
1 1 85 14 
1 1 84 14 
1 1 87 15 
1 1 88 14 
1 1 91 15 
1 1 90 15 
1 1 88 15 
1 1 90 15 
1 1 87 14 
1 1 85 14 
1 1 91 15 
1 1 91 15 
1 1 87 15 
1 1 89 14 
2 2 86 14 
2 2 89 15 
2 2 87 15 
2 2 87 14 
2 2 85 14 
2 2 85 14 
2 2 86 14 
3 3 82 14 
3 3 82 14 
3 3 82 14 
4 3 85 14 
4 4 85 14 
5 5 81 13 
6 6 84 14 
7 7 83 14 
7 8 81 13 
9 9 78 13 
13 13 79 13 
17 17 77 13 
23 23 75 13 
31 32 70 11 
53 52 73 12 
63 64 72 12 
71 70 67 11 
92 90 58 9 
27 27 57 10 
7 7 85 14 
4 4 88 15 
2 2 83 14 
2 2 84 14 
2 2 84 14 
2 2 83 14 
1 1 79 13 
1 1 82 14 
1 1 84 14 
1 1 83 14 
1 1 79 13 
1 1 84 14 
1 1 82 13 
1 1 81 13 
1 1 76 13 
1 1 80 13 
1 1 83 14 
1 1 82 14 
1 1 85 14 
1 1 85 14 
1 1 80 13 
1 1 79 13 
1 1 83 14 
1 1 81 14 
1 1 82 14 
1 1 82 14 
1 1 78 13 
2 2 83 14 
2 2 84 14 
2 2 84 14 
2 2 81 14 
2 2 79 13 
2 2 79 13 
2 2 79 13 
3 3 76 13 
3 3 79 13 
3 3 81 14 
4 4 79 13 
4 4 78 13 
5 5 78 13 
6 6 77 13 
8 8 78 13 
9 9 72 12 
12 12 75 12 
16 16 75 12 
21 21 74 12 
27 27 65 11 
44 45 71 12 
56 56 69 11 
64 62 64 11 
79 80 55 9 
42 40 52 9 
7 8 77 13 
4 4 83 14 
2 2 82 14 
2 2 82 14 
2 2 80 13 
2 2 79 13 
1 1 76 12 
1 1 79 13 
1 1 79 13 
1 1 79 13 
1 1 78 13 
1 1 77 13 
1 1 77 13 
1 1 72 12 
1 1 76 12 
1 1 79 13 
1 1 80 13 
1 1 79 13 
1 1 78 13 
1 1 79 13 
1 1 78 13 
1 1 77 13 
1 1 80 13 
1 1 80 13 
1 1 82 13 
1 1 78 13 
1 1 75 12 
2 2 80 13 
2 2 78 13 
2 2 76 13 
2 2 76 13 
2 2 74 13 
2 2 76 13 
2 2 74 12 
2 2 72 12 
3 2 73 12 
3 3 75 13 
4 3 75 13 
4 4 74 12 
5 5 74 12 
6 6 74 12 
7 7 73 12 
8 8 71 12 
11 11 73 12 
15 14 72 12 
19 19 70 12 
26 28 64 12 
42 46 69 13 
52 57 66 12 
56 56 61 10 
71 70 57 9 
52 52 50 8 
8 8 71 12 
4 4 85 14 
2 2 81 13 
2 2 80 13 
2 2 81 13 
1 1 82 14 
1 1 77 13 
1 1 81 14 
1 1 81 13 
1 1 81 13 
1 1 81 13 
1 1 78 13 
1 1 78 13 
1 1 79 13 
1 1 82 14 
1 1 83 14 
1 1 82 13 
1 1 80 13 
1 1 78 13 
1 1 79 13 
1 1 78 13 
1 1 78 13 
1 1 80 13 
1 1 82 13 
1 1 83 14 
1 1 82 14 
1 1 79 13 
2 1 84 14 
2 2 82 14 
2 2 81 14 
2 2 78 13 
2 2 81 13 
2 2 76 13 
2 2 80 13 
2 2 78 13 
3 3 77 13 
3 3 82 14 
3 3 81 13 
4 4 80 13 
4 4 77 13 
5 5 77 13 
6 6 78 13 
7 7 77 13 
9 9 74 13 
12 12 76 13 
16 16 79 13 
21 21 75 12 
28 27 67 11 
46 45 71 12 
51 53 70 11 
60 59 63 10 
70 71 48 8 
11 10 62 10 
5 5 88 15 
3 3 98 16 
2 2 86 14 
2 2 88 15 
1 1 84 14 
1 1 81 14 
1 1 81 14 
1 1 83 14 
1 1 83 14 
1 1 81 13 
1 1 80 13 
1 1 80 13 
1 1 79 13 
1 1 74 12 
1 1 73 12 
1 1 80 13 
1 1 77 13 
1 1 80 14 
1 1 83 14 
1 1 79 13 
1 1 76 13 
1 1 81 14 
1 1 82 14 
1 1 81 14 
1 1 77 13 
1 1 77 13 
1 1 81 13 
1 1 81 13 
2 2 82 13 
2 2 79 13 
2 2 82 13 
2 2 78 13 
2 2 80 13 
2 2 79 13 
2 2 78 13 
3 3 79 13 
3 3 79 13 
3 3 77 13 
4 4 74 12 
5 5 76 12 
6 6 71 12 
7 7 72 12 
8 8 69 12 
12 12 73 12 
15 15 71 12 
20 19 73 12 
25 26 64 11 
44 43 69 11 
50 50 65 11 
58 57 61 10 
81 81 49 8 
13 13 56 9 
6 6 81 13 
3 3 82 14 
2 2 80 13 
2 2 77 13 
2 2 79 13 
1 1 77 13 
1 1 75 12 
1 1 77 13 
1 1 78 13 
1 1 79 13 
1 1 75 12 
1 1 76 13 
1 1 74 12 
1 1 72 12 
1 1 76 13 
1 1 75 12 
1 1 75 13 
1 1 72 12 
1 1 77 13 
1 1 76 13 
1 1 75 12 
1 1 73 12 
1 1 75 13 
1 1 74 13 
1 1 73 12 
1 1 72 12 
1 1 73 12 
1 1 76 12 
2 2 76 13 
2 2 75 12 
2 2 71 12 
2 2 73 12 
2 2 73 12 
2 2 73 12 
2 2 69 11 
3 3 69 12 
3 3 71 12 
3 3 72 12 
4 4 70 11 
4 4 70 12 
5 5 68 11 
6 6 68 11 
7 7 66 11 
11 11 64 11 
14 14 66 11 
19 19 66 11 
25 24 58 10 
40 40 62 10 
47 47 63 10 
53 53 58 9 
86 86 48 8 
19 18 50 8 
6 6 73 12 
3 3 71 12 
2 2 71 12 
2 2 71 12 
2 2 70 12 
2 2 71 12 
2 2 67 11 
2 2 70 12 
2 2 71 12 
2 2 68 12 
1 1 66 11 
1 1 69 12 
1 1 70 12 
1 1 71 12 
1 1 68 11 
1 1 66 11 
1 1 64 11 
1 1 68 11 
1 1 71 12 
1 1 71 12 
1 1 71 12 
1 1 68 11 
1 1 71 12 
1 1 72 12 
1 1 71 12 
1 1 70 12 
1 1 69 12 
1 1 70 12 
1 1 72 12 
1 1 69 11 
2 1 70 11 
2 2 68 11 
2 2 69 11 
2 2 69 11 
2 2 65 11 
2 2 67 11 
3 3 71 12 
3 3 71 11 
3 3 69 11 
4 4 73 12 
5 5 69 11 
6 6 66 11 
8 8 63 10 
11 11 63 10 
15 14 64 11 
19 19 64 11 
26 25 58 9 
39 39 62 10 
48 48 61 10 
53 51 56 10 
79 80 50 8 
38 38 47 8 
8 8 70 12 
4 4 72 12 
3 3 68 11 
3 3 70 11 
3 3 68 11 
2 2 68 11 
2 2 63 11 
2 2 68 11 
2 2 69 12 
2 2 69 11 
2 2 68 11 
2 2 65 11 
1 1 66 11 
1 1 63 10 
1 1 65 11 
1 1 66 11 
1 1 68 11 
1 1 67 11 
1 1 67 11 
1 1 70 11 
1 1 66 11 
1 1 67 11 
1 1 66 11 
1 1 67 11 
1 1 69 11 
1 1 65 11 
1 1 63 10 
1 1 66 11 
2 1 67 11 
2 2 65 11 
2 2 64 11 
2 2 66 11 
2 2 65 11 
2 2 66 11 
2 2 67 11 
2 2 67 11 
3 3 68 11 
3 3 68 11 
4 4 66 11 
4 4 63 11 
5 5 64 11 
6 6 62 11 
7 7 62 10 
9 9 57 9 
13 13 62 10 
18 18 61 10 
24 24 56 9 
37 38 60 10 
46 46 59 10 
50 50 56 9 
60 61 51 9 
69 69 43 7 
9 10 57 10 
4 4 70 11 
3 3 68 11 
2 2 67 11 
2 2 68 11 
2 2 66 11 
2 2 63 10 
2 2 63 11 
2 2 65 11 
1 1 67 11 
1 1 67 11 
1 1 66 11 
1 1 62 10 
1 1 63 11 
1 1 66 11 
1 1 66 11 
1 1 65 11 
1 1 67 11 
1 1 64 11 
1 1 67 11 
1 1 64 11 
1 1 65 11 
1 1 67 11 
1 1 69 11 
1 1 69 11 
1 1 68 11 
1 1 63 11 
1 1 68 11 
1 1 69 11 
2 2 68 11 
2 2 67 11 
2 2 63 11 
2 2 66 11 
2 2 67 11 
2 2 67 11 
2 2 65 11 
3 3 67 11 
3 3 69 11 
4 4 67 11 
4 4 68 11 
5 5 65 11 
6 6 64 11 
7 7 62 10 
9 9 60 10 
13 13 63 11 
19 18 66 11 
23 23 63 10 
30 30 57 10 
48 48 61 10 
54 52 58 10 
61 61 56 9 
88 89 44 8 
11 11 56 9 
5 5 70 12 
3 3 71 12 
2 2 71 12 
2 2 71 12 
2 2 69 11 
1 2 68 11 
1 1 68 11 
1 1 69 12 
1 1 69 11 
1 1 69 12 
1 1 66 11 
1 1 70 12 
1 1 69 11 
1 1 66 11 
1 1 66 11 
1 1 66 11 
1 1 66 11 
1 1 69 11 
